1 1 195471971 0.0185543 0.0742174
2 1 182113224 0.0915037 0.143363
3 1 160039680 0.158554 0.204127
4 1 156508116 0.218983 0.26355
5 1 151834684 0.277963 0.321199
6 1 149736546 0.335413 0.378052
7 1 145441459 0.391857 0.433274
8 1 129401213 0.445556 0.482405
9 1 124595110 0.494232 0.529712
10 1 130694993 0.542117 0.579334
11 1 122082543 0.590922 0.625687
12 1 120129022 0.63709 0.671298
13 1 120421639 0.682728 0.71702
14 1 124902244 0.728876 0.764443
15 1 104043685 0.774319 0.803947
16 1 98207768 0.813269 0.841235
17 1 94987271 0.850251 0.8773
18 1 90702639 0.885909 0.911738
19 1 61431566 0.917569 0.935062
X 1 171031299 0.951297 1
