1 1 200880650 0.0187945 0.075178
2 1 186646354 0.0926407 0.145029
3 1 162714737 0.160253 0.205924
4 1 158643861 0.220766 0.265295
5 1 156653547 0.279951 0.323921
6 1 153125211 0.338248 0.381227
7 1 150256143 0.395285 0.437459
8 1 131879273 0.449798 0.486814
9 1 126529391 0.498652 0.534167
10 1 133067396 0.546616 0.583966
11 1 124828362 0.595645 0.630682
12 1 122406657 0.642134 0.676492
13 1 121221367 0.687833 0.721858
14 1 121724692 0.733247 0.767412
15 1 104892358 0.777226 0.806668
16 1 98287430 0.815863 0.843451
17 1 97964386 0.852616 0.880113
18 1 90729280 0.888602 0.914068
19 1 61067434 0.919781 0.936922
X 1 168548779 0.952691 1
