1 1 185492789 0.0185543 0.0742172
2 1 171410997 0.091363 0.1428
3 1 152576986 0.158062 0.203848
4 1 146158383 0.218467 0.262327
5 1 145277780 0.276859 0.320454
6 1 147274239 0.335185 0.379379
7 1 147524369 0.394136 0.438405
8 1 120012414 0.45041 0.486423
9 1 120003353 0.498427 0.534437
10 1 122627250 0.546704 0.583502
11 1 117747451 0.59528 0.630613
12 1 114734182 0.64209 0.67652
13 1 112758220 0.687798 0.721635
14 1 113551381 0.732993 0.767068
15 1 97450195 0.776816 0.806059
16 1 92629107 0.815324 0.84312
17 1 89975685 0.85212 0.87912
18 1 86406422 0.887763 0.913692
19 1 57673148 0.919461 0.936768
X 1 158037523 0.952576 1
