1 1 200424568 0.0190152 0.0760608
2 1 184952960 0.0936081 0.14625
3 1 162825543 0.161698 0.208042
4 1 156060657 0.222848 0.267267
5 1 156282185 0.282094 0.326576
6 1 152789639 0.341072 0.384559
7 1 142579351 0.398086 0.438668
8 1 132173023 0.451208 0.488827
9 1 126342013 0.500814 0.536774
10 1 133752109 0.549463 0.587532
11 1 126372555 0.599522 0.635491
12 1 116209749 0.646516 0.679592
13 1 121085697 0.69108 0.725544
14 1 119554585 0.736887 0.770915
15 1 106035878 0.780975 0.811155
16 1 99123743 0.820559 0.848772
17 1 98844223 0.85815 0.886284
18 1 91110059 0.894928 0.92086
19 1 61167864 0.926663 0.944073
X 1 147371385 0.958055 1
